0 1276 2656 3499 4914 6098 7712 3947 5425 2756 7241 7454 5881 7449 5783 7013 8404 1921 2672 6794 5322 4503 6979 3745 4235 5597 6726 4785 6080 5991 8164 6838
1276 0 2362 2225 3952 4823 6875 3745 5249 1720 6411 6658 5436 6590 4522 6682 7402 685 1434 5746 5170 4136 5851 2484 3451 4857 6059 3853 4962 4715 7155 5587
2656 2362 0 3397 2811 5314 5238 1384 2891 1664 4771 4942 3226 5009 5508 4390 6166 2188 3172 4724 2809 1853 5127 3130 1890 3080 4123 2636 4267 5404 5944 6571
3499 2225 3397 0 3080 2629 5962 4502 5807 1751 5550 5857 5499 5644 2322 6828 6045 1655 924 4368 5777 4545 4221 669 3188 4391 5604 3090 3432 2492 5795 3402
4914 3952 2811 3080 0 3377 2974 2861 3517 2232 2528 2815 2749 2671 4078 4017 3490 3330 3624 1929 3549 2419 2328 2424 986 1382 2541 188 1514 3661 3251 4936
6098 4823 5314 2629 3377 0 5278 5972 6873 3771 5015 5347 6109 4972 1111 7325 4683 4192 3540 3326 6894 5700 2751 2388 4134 4662 5592 3521 2474 438 4467 1596
7712 6875 5238 5962 2974 5278 0 4520 4053 5169 471 380 2818 321 6293 3202 1553 6282 6586 1957 4169 3804 2644 5293 3477 2159 1447 3040 2839 5689 1505 6824
3947 3745 1384 4502 2861 5972 4520 0 1508 2769 4083 4174 2044 4354 6380 3069 5710 3522 4443 4539 1425 720 5110 4095 1903 2462 3201 2674 4364 6150 5520 7390
5425 5249 2891 5807 3517 6873 4053 1508 0 4140 3705 3673 1237 3990 7451 1693 5487 4993 5863 4722 135 1263 5421 5316 2779 2506 2606 3359 4855 7121 5347 8392
2756 1720 1664 1751 2232 3771 5169 2769 4140 0 4708 4966 4021 4879 3860 5333 5692 1116 1739 4052 4096 2897 4223 1478 1822 3214 4441 2136 3324 3809 5447 4933
7241 6411 4771 5550 2528 5015 471 4083 3705 4708 0 333 2470 285 5996 3021 1792 5822 6149 1748 3815 3371 2490 4881 3006 1693 1135 2586 2546 5414 1683 6585
7454 6658 4942 5857 2815 5347 380 4174 3673 4966 333 0 2439 458 6329 2844 1911 6082 6439 2069 3790 3455 2801 5189 3228 1867 1067 2860 2879 5747 1841 6915
5881 5436 3226 5499 2749 6109 2818 2044 1237 4021 2470 2439 0 2755 6822 1329 4255 5037 5749 3604 1351 1386 4338 4920 2311 1479 1372 2632 3883 6408 4122 7681
7449 6590 5009 5644 2671 4972 321 4354 3990 4879 285 458 2755 0 5980 3273 1513 5989 6275 1661 4100 3645 2370 4975 3215 1942 1413 2745 2525 5381 1414 6526
5783 4522 5508 2322 4078 1111 6293 6380 7451 3860 5996 6329 6822 5980 0 8094 5782 3977 3115 4362 7454 6222 3836 2382 4672 5437 6467 4190 3455 676 5561 1084
7013 6682 4390 6828 4017 7325 3202 3069 1693 5333 3021 2844 1329 3273 8094 0 4753 6323 7067 4528 1823 2549 5295 6247 3640 2665 1944 3918 4987 7646 4683 8912
8404 7402 6166 6045 3490 4683 1553 5710 5487 5692 1792 1911 4255 1513 5782 4753 0 6748 6813 1686 5592 5028 1956 5399 4285 3248 2926 3627 2616 5121 250 6087
1921 685 2188 1655 3330 4192 6282 3522 4993 1116 5822 6082 5037 5989 3977 6323 6748 0 1053 5083 4928 3808 5171 1824 2922 4323 5544 3244 4284 4113 6501 5056
2672 1434 3172 924 3624 3540 6586 4443 5863 1739 6149 6439 5749 6275 3115 7067 6813 1053 0 5127 5811 4631 5056 1445 3490 4822 6056 3590 4226 3373 6563 4166
6794 5746 4724 4368 1929 3326 1957 4539 4722 4052 1748 2069 3604 1661 4362 4528 1686 5083 5127 0 4799 3939 770 3717 2845 2223 2598 2093 966 3743 1436 4867
5322 5170 2809 5777 3549 6894 4169 1425 135 4096 3815 3790 1351 4100 7454 1823 5592 4928 5811 4799 0 1243 5491 5296 2784 2578 2723 3387 4909 7134 5450 8404
4503 4136 1853 4545 2419 5700 3804 720 1263 2897 3371 3455 1386 3645 6222 2549 5028 3808 4631 3939 1243 0 4557 4054 1566 1788 2482 2243 3872 5922 4845 7186
6979 5851 5127 4221 2328 2751 2644 5110 5421 4223 2490 2801 4338 2370 3836 5295 1956 5171 5056 770 5491 4557 0 3612 3306 2915 3368 2512 899 3184 1727 4228
3745 2484 3130 669 2424 2388 5293 4095 5316 1478 4881 5189 4920 4975 2382 6247 5399 1824 1445 3717 5296 4054 3612 0 2617 3756 4957 2444 2794 2364 5149 3455
4235 3451 1890 3188 986 4134 3477 1903 2779 1822 3006 3228 2311 3215 4672 3640 4285 2922 3490 2845 2784 1566 3306 2617 0 1406 2622 799 2500 4356 4059 5622
5597 4857 3080 4391 1382 4662 2159 2462 2506 3214 1693 1867 1479 1942 5437 2665 3248 4323 4822 2223 2578 1788 2915 3756 1406 0 1234 1319 2405 4981 3059 6247
6726 6059 4123 5604 2541 5592 1447 3201 2606 4441 1135 1067 1372 1413 6467 1944 2926 5544 6056 2598 2723 2482 3368 4957 2622 1234 0 2514 3158 5952 2817 7188
4785 3853 2636 3090 188 3521 3040 2674 3359 2136 2586 2860 2632 2745 4190 3918 3627 3244 3590 2093 3387 2243 2512 2444 799 1319 2514 0 1702 3793 3390 5068
6080 4962 4267 3432 1514 2474 2839 4364 4855 3324 2546 2879 3883 2525 3455 4987 2616 4284 4226 966 4909 3872 899 2794 2500 2405 3158 1702 0 2868 2367 4059
5991 4715 5404 2492 3661 438 5689 6150 7121 3809 5414 5747 6408 5381 676 7646 5121 4113 3373 3743 7134 5922 3184 2364 4356 4981 5952 3793 2868 0 4903 1275
8164 7155 5944 5795 3251 4467 1505 5520 5347 5447 1683 1841 4122 1414 5561 4683 250 6501 6563 1436 5450 4845 1727 5149 4059 3059 2817 3390 2367 4903 0 5890
6838 5587 6571 3402 4936 1596 6824 7390 8392 4933 6585 6915 7681 6526 1084 8912 6087 5056 4166 4867 8404 7186 4228 3455 5622 6247 7188 5068 4059 1275 5890 0
